# nullcline01
mu <- 0.2
beta <- 2
gamma <- 0.3
c <- 0.3
sigma <- 1
delta <- 0.2
TX <- 1.2
# nullcline02
mu <- 0.2
beta <- 2
gamma <- 0.3
c <- 0.3
sigma <- 1
delta <- 0.2
TX <- 0.16
# nullcline03
mu <- 0.2
beta <- 2
gamma <- 0.3
c <- 0.3
sigma <- 1
delta <- 0.2
TX <- 0.1689724 #(TX = T2)